structure(list(par = c(34.6084973599064, 52.4920180315863), value = 0.444075402795061, 
    counts = structure(c(61L, NA), .Names = c("function", "gradient"
    )), convergence = 0L, message = NULL), .Names = c("par", 
"value", "counts", "convergence", "message"))
