structure(list(par = structure(c(44.1252030669005, 29.7865388301436, 
44.9999439836083, 33.5095351892666, 44.9999814770673, 43.1269390452783, 
38.937033913193, 44.9184979635208, 31.4839022737724, 34.1817406421394, 
41.0383102761992, 37.4159066876366, 39.2176018928209, 44.7202935263917, 
44.7095857103563, 44.1252030669005, 33.6373401805403, 38.4226272100905, 
44.9999439836083, 34.1817406421394, 73.370698137519, 72.8493959028745, 
31.5980193511476, 49.8410262160646, 89.9999155306188, 72.8493959028745, 
67.2684832526392, 82.2913725972222, 72.8493959028745, 53.971051797904, 
69.2536716796248, 73.370698137519, 54.3678803213888, 77.2799666029717, 
72.1783047122467, 78.0511245968653, 72.8493959028745, 59.0131471017149, 
27.6029680363041, 53.971051797904), .Dim = c(20L, 2L)), value = structure(c(-0.0583197955399645, 
-1, -3.73442611589780e-06, -0.76603098738223, -1.23486217754968e-06, 
-0.124870730314777, -0.404197739120468, -0.00543346909861337, 
-0.901073181748508, -0.72121729052404, -0.264112648253385, -0.505606220824224, 
-0.385493207145276, -0.0186470982405510, -0.0193609526429152, 
-0.0583197955399645, -0.757510654630647, -0.438491519327302, 
-3.73442611589780e-06, -0.72121729052404, -1, -1, -1, -1, -1, 
-1, -1, -1, -1, -1, -1, -1, -1, -1, -1, -1, -1, -1, -1, -1, -0.998373825742249, 
0, 0, -0.270057913345925, 0, -0.816282993772582, -0.336450124781939, 
-0.108447542000388, 0, -0.199870026928767, -0.675916993244185, 
0, -0.29387034278885, -0.703334396393807, -0.496011802119202, 
-0.461930584145835, 0, -0.910185657135084, -0.0884058016078377, 
-0.199870026928767, -0.48065965665866, -0.277241973734365, -0.734593496229475, 
-0.584428976087379, -0.253083482294295, -0.476723960289235, -0.493540918753919, 
-0.371379449132328, -0.309231514382704, -0.561535080532541, -0.495985955446161, 
-0.399078588521708, -0.616457952734543, -0.437851106994622, -0.500297404207722, 
-0.421482202026015, -0.347043546423275, -0.570186066136171, -0.732044266148312, 
-0.561535080532541, -0.632629222675178, -0.367265641585885, -0.155848641578903, 
-0.161968941560380, -0.750207064078959, -0.614145493759138, -0.493784347583987, 
-0.706578940544181, -0.404492650821308, -0.236226035722545, -0.549714239304251, 
-0.526198605568617, -0.352693416390302, -0.670397781601306, -0.63105496177008, 
-0.668304050146715, -0.449282265328212, -0.3930282050538, -0.0923737846142787, 
-0.236226035722545, -0.478862242921242, -0.0648060359161435, 
0, 0, -0.632665302813773, -0.445149373405255, -0.249840198647017, 
-0.579590429440238, -0.113420819487287, 0, -0.341279311018329, 
-0.289916267248188, -0.0535843040947691, -0.532826487809199, 
-0.483126364618059, -0.524351189447997, -0.175005095427308, -0.104351504619153, 
0, 0), .Dim = c(20L, 6L), .Dimnames = list(NULL, c("rt", "E", 
"d90", "Fe", "etaCa", "tauCa"))), pareto.optimal = c(TRUE, TRUE, 
TRUE, TRUE, TRUE, TRUE, TRUE, TRUE, TRUE, TRUE, TRUE, TRUE, TRUE, 
TRUE, TRUE, TRUE, TRUE, TRUE, TRUE, TRUE)), .Names = c("par", 
"value", "pareto.optimal"), class = c("nsga2", "mco"))
